[[0.02234932458164112, 0.9924],
[0.03167068115674592, 0.9898],
[0.02403946699278713, 0.9924],
[0.03164161378977187, 0.9902],
[0.02698559586585543, 0.9915],
[0.03020491970466246, 0.9914],
[0.019857778207297453, 0.9933],
[0.03143642405164938, 0.9899],
[0.026497739571228886, 0.9919],
[0.03312094706286953, 0.9886],
[0.024034347895093015, 0.992],
[0.025051393712838398, 0.9925],
[0.025377625312993042, 0.9917],
[0.025701576484848193, 0.9926],
[0.026907632590534195, 0.991],
[0.026563916610822344, 0.9914],
[0.03247406457579418, 0.9896],
[0.02728980791564172, 0.9914],
[0.027349516736313306, 0.992],
[0.032363175149073505, 0.99],
]