[[0.023694785861346827, 0.992],
[0.020137055445586156, 0.9933],
[0.022280061636875324, 0.9927],
[0.023121568654754447, 0.992],
[0.024809357877683215, 0.9915],
[0.0266525852541301, 0.9909],
[0.02706027598029468, 0.9914],
[0.026692764090606943, 0.9909],
[0.023445575216375074, 0.9917],
[0.02593710823181318, 0.9925],
[0.02561830951472548, 0.9919],
[0.020854746895636343, 0.9929],
[0.026118220492263207, 0.9904],
[0.025489811946597912, 0.9919],
[0.027611843953008065, 0.9916],
[0.02709753652451982, 0.9913],
[0.025623708413419082, 0.9915],
[0.025888945978308403, 0.9916],
[0.020676771576423926, 0.9927],
[0.02111596707064491, 0.9921],
]