[[0.03001173125123023, 0.9907],
[0.02494210935477495, 0.9919],
[0.02696543625622144, 0.9908],
[0.03318642665479347, 0.9898],
[0.028476172828242125, 0.9922],
[0.028995693312408546, 0.9913],
[0.03149891746650537, 0.9907],
[0.030799821880108356, 0.9908],
[0.027562079757946775, 0.9904],
[0.030848830758541952, 0.9903],
[0.03064381365806403, 0.9902],
[0.030154496234057297, 0.9912],
[0.03177625799958914, 0.9901],
[0.027487667714770576, 0.9906],
[0.03190202468195057, 0.9896],
[0.03288367266185924, 0.9904],
[0.032869234207492264, 0.9897],
[0.02794116926732095, 0.9915],
[0.029414827841519945, 0.9916],
[0.03308820900309547, 0.9908],
]