Parametros: num_epoch=10; camada_um=256; dropout_um=0.2; camada_dois=32; dropout_dois=0.2; gradient=0.16
[0.0624626905531506, 0.9823],
[0.069297539557844, 0.9805],
[0.07339059289508296, 0.9783],
[0.06859068450953491, 0.9799],
[0.08308310659296039, 0.9798],
[0.07166371005742111, 0.9807],
[0.07100805373625627, 0.9805],
[0.07260170679456496, 0.9792],
[0.07747429505372129, 0.9786],
[0.07030832064569403, 0.981],
[0.07752761645398859, 0.9773],
[0.0785731689302862, 0.979],
[0.07130341789399972, 0.9806],
[0.06925356260642293, 0.9803],
[0.07602656189970439, 0.9778],
[0.07387144953344105, 0.9817],
[0.06588130877295044, 0.9822],
[0.07573201485706085, 0.979],
[0.0608186015122119, 0.981],
[0.0664611664971395, 0.9808],
]